function color = RWTHcolors()

%%% RWTH-Farben definieren

% Hausfarbe
color.blau_100 = [0, 84, 159] ./255;
color.blau_75 = [64, 127, 183] ./255;
color.blau_50 = [142, 186, 229] ./255;
color.blau_25 = [199, 221, 242] ./255;
color.blau_10 = [232, 241, 250] ./255;


% Sekundärfarben

color.schwarz_100 = [0, 0, 0] ./255;
color.schwarz_75 = [100, 101, 103] ./255;
color.schwarz_50 = [156, 158, 159] ./255;
color.schwarz_25 = [207, 209, 210] ./255;
color.schwarz_10 = [236, 237, 237] ./255;

color.magenta_100 = [227, 0, 102] ./255;
color.magenta_75 = [233, 96, 136] ./255;
color.magenta_50 = [241, 158, 177] ./255;
color.magenta_25 = [249, 210, 218] ./255;
color.magenta_10 = [253, 238, 240] ./255;

color.gelb_100 = [255, 237, 0] ./255;
color.gelb_75 = [255, 240, 85] ./255;
color.gelb_50 = [255, 245, 155] ./255;
color.gelb_25 = [255, 250, 209] ./255;
color.gelb_10 = [255, 253, 238] ./255;


% Ergänzende Farben

color.petrol_100 = [0, 97, 101] ./255;
color.petrol_75 = [45, 127, 131] ./255;
color.petrol_50 = [125, 164, 167] ./255;
color.petrol_25 = [191, 208, 209] ./255;
color.petrol_10 = [230, 236, 236] ./255;

color.tuerkis_100 = [0, 152, 161] ./255;
color.tuerkis_75 = [0, 177, 183] ./255;
color.tuerkis_50 = [137, 204, 207] ./255;
color.tuerkis_25 = [202, 231, 231] ./255;
color.tuerkis_10 = [235, 246, 246] ./255;

color.gruen_100 = [87, 171, 39] ./255;
color.gruen_75 = [141, 192, 96] ./255;
color.gruen_50 = [184, 214, 152] ./255;
color.gruen_25 = [221, 235, 206] ./255;
color.gruen_10 = [242, 247, 236] ./255;

color.maigruen_100 = [189, 205, 0] ./255;
color.maigruen_75 = [208, 217, 92] ./255;
color.maigruen_50 = [224, 230, 154] ./255;
color.maigruen_25 = [240, 243, 208] ./255;
color.maigruen_10 = [249, 250, 237] ./255;

color.orange_100 = [246, 168, 0] ./255;
color.orange_75 = [250, 190, 80] ./255;
color.orange_50 = [253, 212, 143] ./255;
color.orange_25 = [254, 234, 201] ./255;
color.orange_10 = [255, 247, 234] ./255;

color.rot_100 = [204, 7, 30] ./255;
color.rot_75 = [216, 92, 65] ./255;
color.rot_50 = [230, 150, 121] ./255;
color.rot_25 = [243, 205, 187] ./255;
color.rot_10 = [250, 235, 227] ./255;

color.bordeaux_100 = [161, 16, 53] ./255;
color.bordeaux_75 = [182, 82, 86] ./255;
color.bordeaux_50 = [205, 139, 135] ./255;
color.bordeaux_25 = [229, 197, 192] ./255;
color.bordeaux_10 = [245,232, 229] ./255;

color.violett_100 = [97, 33, 88] ./255;
color.violett_75 = [131, 78, 117] ./255;
color.violett_50 = [168, 133, 158] ./255;
color.violett_25 = [210, 192, 205] ./255;
color.violett_10 = [237, 229, 234] ./255;

color.lila_100 = [122, 111, 172] ./255;
color.lila_75 = [155, 145, 193] ./255;
color.lila_50 = [188, 181, 215] ./255;
color.lila_25 = [222, 218, 235] ./255;
color.lila_10 = [242, 240, 247] ./255;


end

